
The value of stability parameter:    2.5000

The value of balancing parameter:  300.0000



#Clust             fvalue        #Regprob_eval           #Lin_func_val     #Lin_eval_per_point          CPU

    1        39220221664.354820           1                     155295.                    145.       0.1250       0.0156
    2        20911952153.326672           1                    2942048.                   2747.       0.3125       0.2031
    3        20059311593.549332           1                    8691263.                   8115.       0.5938       0.4844
    4        19105387434.016087           1                   19703337.                  18397.       1.1719       1.0625
    5        18078990738.961136           1                   26766466.                  24992.       1.4688       1.3594
    6        17328362349.761299           1                   41662398.                  38900.       2.1562       2.0469
    7        16353872868.569904           1                   56567488.                  52817.       2.7969       2.6875
    8        15989575386.207516           1                   75207142.                  70221.       3.5469       3.4375
    9        15939918405.846649           1                   89669174.                  83725.       4.1406       4.0312
   10        15616294360.177629           1                  101530004.                  94799.       4.5625       4.4531
   11        15575032825.121061           1                  112798767.                 105321.       4.9844       4.8750
   12        11371542911.379835           1                  168504800.                 157334.       9.8906       9.7812
   13        11523378325.040060           1                  212194108.                 198127.      13.6875      13.5781
   14        10569921746.404652           1                  274710438.                 256499.      16.0781      15.9688
   15        10488155521.686119           1                  358288442.                 334536.      19.7031      19.5938
