

   260.21699  -215.18290   323.44514   441.40846 23667.56858-12149.11318


   290.08385  -776.59686    26.33251   676.30421 24277.58797 -4249.45084
   259.40038  -435.23840  1442.80604   306.68542 26153.70700-48729.50567


   267.86388  -828.84640    24.48972   574.89380 24245.56603 -3146.12372
   259.41781  -433.79070  1443.02339   306.89278 26154.78412-48737.84876
   279.55116  -184.91834   -37.97827   493.24498 23090.89634 -1920.81593


   274.75214 -1016.73658     4.09837  1018.13441 24130.41463 -3056.28550
   258.80583  -424.46613  1444.88834   300.52749 26122.95082-48768.98730
   279.90249  -356.53295   -38.31296   490.88336 23200.68955 -1944.09099
   273.40506 -2742.19942    93.29189   485.39958 23072.93798 -5660.41885


   265.75133 -1053.01680    13.30088  1054.95353 24108.17973 -2982.46942
   262.86731  -394.67654  1415.67342  -266.72360 26198.39019-47435.17030
   279.88863  -356.17866   -38.22428   492.69277 23200.46289 -1948.17360
   265.74149 -2882.42691    30.96757   474.68291 22986.99739 -3269.28928
   253.31226 -2438.32930  1483.97191  1173.82176 31008.43369-55363.65855


   267.05630 -1127.06640    13.81970  1142.65070 24062.79729 -3061.14682
   265.70065  -401.24165  1424.04561  -154.09483 26181.76466-47922.79279
   283.95324   -65.79894   -29.16625   318.57219 23014.68780 -2162.91541
   269.77465 -2712.74116    61.50495   560.21493 23090.99194 -4651.74424
   252.99679 -2435.49284  1483.77230  1182.97316 31001.55265-55356.32953
   277.81466   840.71741   -26.85990   232.98321 22434.72938 -3463.00087


   258.30479 -1109.41957    22.89406  1149.19916 24073.61242 -3021.30187
   265.69993  -401.21754  1424.04676  -154.08789 26181.82573-47922.81945
   269.57454   523.92973  -107.55817   -67.29421 22637.39939  1310.76471
   249.51294 -2733.23195    51.20405   585.19663 23078.43384 -3537.09908
   252.99208 -2435.47334  1483.78296  1183.17252 31001.50534-55356.69605
   283.11715   820.95899   -29.77771   215.19653 22447.37015 -3566.30005
   333.63293 -4017.30172   -22.43833   526.17651 22291.47178 -4122.28446


   258.30563 -1111.99312    22.89374  1148.24416 24072.03518 -3017.40526
   265.70286  -401.12410  1424.05308  -154.05347 26182.06235-47923.21445
   275.76371  1090.01670   -73.11687  -307.25512 22275.23615   337.00316
   249.52898 -2733.62965    51.21201   585.69076 23078.19010 -3538.06289
   252.99691 -2435.82839  1483.78814  1183.22913 31002.36667-55356.92599
   279.92044   825.18401   -33.03936   213.55988 22444.66712 -3337.14355
   333.58536 -4017.31382   -22.36819   526.17619 22291.46436 -4122.54873
   283.49304   486.67193   -13.69145   -66.27941 22661.23567 -3397.60943


   258.30451 -1111.64270    22.87882  1148.37419 24072.24994 -3017.43527
   265.68480  -401.20799  1424.02016  -154.22547 26181.84992-47921.25922
   275.57645  1056.88572   -74.41932  -323.35629 22296.43223   397.53815
   207.97142 -2800.92082   101.67367   607.14995 23036.94967 -3395.59944
   252.97289 -2435.47761  1483.73876  1182.87763 31001.51570-55354.25690
   280.53596   823.80556   -32.23595   214.09385 22445.54901 -3386.97588
   333.55954 -4017.27209   -22.41697   526.17728 22291.48994 -4120.07348
   283.45515   477.12766   -13.60207   -66.01945 22667.34177 -3400.37856
   304.65287 -2839.53913   -16.68883  1158.52852 23013.28183 -5715.38289


   258.30459 -1111.57273    22.89780  1148.40016 24072.29282 -3018.12935
   265.70324  -401.15192  1424.05393  -154.05045 26181.99190-47923.24500
   252.58319  1187.26162  -136.74876  -279.95440 22213.02215  3196.14829
   248.81318 -2747.05022    51.74581   577.34605 23069.96510 -3502.12770
   252.99625 -2435.57189  1483.79057  1183.21306 31001.74443-55357.08854
   280.53934   823.91378   -32.22412   214.05193 22445.47977 -3387.41442
   333.58404 -4017.31342   -22.36718   526.17621 22291.46461 -4122.52806
   283.47774   477.28685   -13.57143   -66.02379 22667.23993 -3402.19002
   304.65287 -2839.53913   -16.68883  1158.52852 23013.28183 -5715.38289
   301.14700   217.42600    -6.44051   550.10369 22833.49008 -5050.16916


   258.30166 -1111.63342    22.85980  1148.37764 24072.25563 -3016.75120
   265.69699  -401.12721  1424.03072  -154.12989 26182.05447-47922.21025
   245.78612  1178.59665  -142.23652  -282.83896 22218.56570  3635.90787
   205.09874 -2812.66096   101.90048   598.26935 23029.75454 -3266.22222
   252.98446 -2435.57235  1483.81495  1183.52181 31001.74554-55357.70465
   280.53770   823.89168   -32.24396   214.06049 22445.49391 -3386.75110
   333.59715 -4017.33266   -22.38936   526.17570 22291.45281 -4122.34116
   283.47092   477.17245   -13.56693   -66.02067 22667.31312 -3402.07700
   304.65287 -2839.53913   -16.68883  1158.52852 23013.28183 -5715.38289
   300.70940   329.17335    -6.60546   498.02805 22761.99792 -4957.29811
   304.59217 -2846.70547   -16.39523  1155.09937 23008.88983 -5709.50267


   258.27761 -1333.09082    22.74657  1066.19828 23936.53203 -2674.98785
   227.35640  -185.59472  1432.30582  -220.51102 26727.87055-46699.23379
   245.71691  1178.82556  -142.40568  -282.76275 22218.41926  3643.80069
   249.74342 -2762.87121    51.65902   602.57591 23060.26895 -3545.59966
   253.01724 -2443.82723  1483.67462  1182.67030 31021.77126-55349.54510
   280.67961   769.25669   -32.18082   235.22458 22480.44753 -3424.14745
   333.59061 -4026.24754   -22.37283   659.02828 22285.98920 -4255.47099
   283.47860   477.28644   -13.57106   -66.02378 22667.24019 -3402.23557
   304.65287 -2839.53913   -16.68883  1158.52852 23013.28183 -5715.38289
   300.39340   404.46088    -6.79963   463.15561 22713.83151 -4891.56211
   188.78232-10508.39923    45.44177 -1688.03477 18313.30208  8637.14372
   286.69568  2247.37543  1429.01774 -1369.45488 32889.14219-58545.29759


   258.29896 -1111.65626    23.15608  1148.36916 24072.24163 -3025.73158
   265.65911  -388.95489  1424.19112  -153.54310 26212.87975-47932.49273
   245.71773  1178.95055  -142.40488  -282.72115 22218.33929  3643.71523
   204.98025 -2799.62641   102.02439   614.29716 23037.74296 -3297.24231
   252.99701 -2435.55658  1483.79050  1183.24261 31001.70729-55357.15601
   280.54224   823.92794   -32.22852   214.04645 22445.47072 -3387.38614
   333.58581 -4026.26521   -22.36819   659.02782 22285.97836 -4255.40360
   283.47873   477.27368   -13.57244   -66.02343 22667.24835 -3402.20008
   304.65287 -2839.53913   -16.68883  1158.52852 23013.28183 -5715.38289
   300.39399   404.45565    -6.79922   463.24115 22713.83485 -4891.69085
   188.78266-10508.33404    45.44177 -1688.01077 18313.34203  8637.03120
   281.42357  2732.31700  1386.89312 -1557.30782 32578.89303-56774.96146
   306.11802 -2639.99745   -18.69014  1283.99859 23135.57404 -6134.41988


   258.30427 -1114.35235    22.73109  1147.36868 24070.58929 -3008.74994
   297.26529  -969.48120  1402.25466 -1702.45803 24742.75061-46544.80972
   245.71887  1178.59081  -142.40603  -282.84090 22218.56944  3643.78745
   204.97940 -2799.63536   102.02294   614.30001 23037.73748 -3297.15740
   252.99771 -2435.37337  1483.79486  1183.27099 31001.26282-55357.44199
   280.55397   823.79974   -32.28470   214.09611 22445.55273 -3386.19015
   333.58607 -4026.24487   -22.36587   659.02835 22285.99083 -4255.50891
   283.47861   477.29166   -13.57042   -66.02392 22667.23685 -3402.25462
   304.65287 -2839.53913   -16.68883  1158.52852 23013.28183 -5715.38289
   300.39342   404.43912    -6.79988   463.16850 22713.84544 -4891.57202
   188.78310-10508.25017    45.44177 -1687.98008 18313.39343  8636.88647
   281.42350  2732.32302  1386.89256 -1557.31015 32578.88918-56774.93815
   303.83865 -3012.90572   -15.67159  1102.75413 22907.03143 -5523.08728
   191.54790  -355.75700  1464.06095  -598.70451 26296.95034-44574.03786


   258.27987 -1237.32260    22.63964  1101.73635 23995.22506 -2817.66004
   288.00267  -873.85691  1441.94237 -1044.12100 24984.91028-48157.33951
   245.71574  1178.82422  -142.40583  -282.76320 22218.42011  3643.85204
   204.97914 -2799.63449   102.02367   614.29974 23037.73801 -3297.16998
   188.68272 -3347.84054  1194.41236  -507.28463 33214.84058-41619.24466
   280.53699   824.60614   -32.22475   213.78373 22445.03683 -3386.92375
   333.58574 -4026.25203   -22.36731   659.02817 22285.98644 -4255.44314
   283.47860   477.28647   -13.57106   -66.02378 22667.24017 -3402.23557
   304.65287 -2839.53913   -16.68883  1158.52852 23013.28183 -5715.38289
   300.39303   404.46355    -6.79928   463.15662 22713.82980 -4891.55901
   188.78385-10508.10705    45.44175 -1687.92697 18313.48115  8636.63933
   281.42324  2732.34631  1386.89038 -1557.31918 32578.87427-56774.84795
   303.82201 -3015.49738   -15.65081  1101.50386 22905.44309 -5518.81073
   231.22127  -599.79261  1424.95990  -122.60996 25678.95274-45326.78637
   267.73828 -4348.41819  1723.14779  2768.18554 35642.16784-69000.38087
