  6080.99150  4216.19442     0.75654     0.87061
      0.3401     -0.0322      0.0133      0.0668      0.8084      0.0018
      0.0321     -1.0212     -0.0476     -0.0635     -0.5024
      0.3042     -0.0181      0.7282      0.0303      0.8709     -0.1580
     -0.0390      0.9783     -0.0207     -0.0631      1.9886
  5728.60414  3377.15057     0.78394     0.88575
      0.3141     -0.0344      0.0124      0.0568      0.8074      0.0039
      0.1026     -1.0212     -0.0301     -0.0635     -0.5024
      0.3042     -0.0180      0.7283      0.0303      0.8709     -0.1580
     -0.0350      0.9776     -0.0325     -0.0635      1.9886
      0.3278     -0.0077     -0.0192      0.0487      0.7689     -0.0149
     -0.0164      0.9783     -0.0647     -0.0635     -0.5024
  5722.56292  3381.04517     0.78440     0.88584
      0.3222     -0.0422      0.0021      0.1006      0.8035      0.0116
     -0.1138     -1.0212     -0.3264     -0.9028     -0.5024
      0.3035     -0.0176      0.7293      0.0297      0.8699     -0.1585
     -0.0350      0.9783     -0.0456     -0.0635      1.9886
      0.3282     -0.0148     -0.0193      0.0485      0.7726     -0.0222
     -0.0413      0.9783     -0.0582     -0.0645     -0.5024
      0.3206     -0.1138      0.0471      0.0480      0.7683     -0.1194
      0.2266     -1.0212      0.2612      0.7758     -0.5024
  5619.78130  3338.97741     0.79207     0.89056
      0.3116     -0.0437      0.0067      0.1043      0.8028      0.0130
     -0.1130     -1.0212     -0.3291     -0.9028     -0.5024
      0.3082     -0.0164      0.7145     -0.0264      0.8724     -0.1573
     -0.0390      0.9783      0.0201     -0.0635      1.9886
      0.3282     -0.0148     -0.0193      0.0487      0.7725     -0.0222
     -0.0330      0.9783     -0.0639     -0.0635     -0.5024
      0.3116     -0.1196      0.0156      0.0469      0.7654     -0.1137
      0.1797     -1.0212      0.2640      0.7759     -0.5024
      0.2970     -0.1012      0.7490      0.1160      1.0325     -0.5494
      0.0319     -1.0212     -0.3960     -0.0720      1.9886
  5505.96784  3340.24847     0.80041     0.89520
      0.3131     -0.0468      0.0070      0.1129      0.8013      0.0161
     -0.1105     -1.0212     -0.3294     -0.9027     -0.5024
      0.3115     -0.0166      0.7187     -0.0152      0.8718     -0.1575
     -0.0402      0.9783      0.0266     -0.0634      1.9886
      0.3329     -0.0027     -0.0147      0.0315      0.7664     -0.0099
     -0.0601      0.9783     -0.3542      0.7759     -0.5024
      0.3163     -0.1125      0.0310      0.0554      0.7689     -0.1206
      0.1745     -1.0212      0.2637      0.7759     -0.5024
      0.2966     -0.1010      0.7489      0.1169      1.0323     -0.5495
      0.0310     -1.0212     -0.3954     -0.0638      1.9886
      0.3257      0.0349     -0.0136      0.0230      0.7471     -0.1109
      0.1053      0.9783      0.1462     -0.9028     -0.5024
  5529.84618  3299.84017     0.79867     0.89453
      0.3029     -0.0460      0.0116      0.1136      0.8016      0.0153
     -0.1090     -1.0212     -0.1195     -0.9028     -0.5024
      0.3115     -0.0166      0.7187     -0.0152      0.8718     -0.1575
     -0.0392      0.9783      0.0178     -0.0635      1.9886
      0.3161      0.0217     -0.0543     -0.0067      0.7538      0.0151
      0.0304      0.9783      0.2306      0.7759     -0.5024
      0.2926     -0.1134      0.0258      0.0578      0.7685     -0.1197
      0.1907     -1.0212      0.1712      0.7759     -0.5024
      0.2966     -0.1010      0.7489      0.1169      1.0323     -0.5495
      0.0344     -1.0212     -0.3967     -0.0635      1.9886
      0.3320      0.0341     -0.0150      0.0213      0.7475     -0.1117
     -0.0421      0.9783     -0.2769     -0.9028     -0.5024
      0.3912     -0.1667     -0.0113      0.0520      0.7423     -0.1532
      0.1038     -1.0212     -0.1919     -0.0635     -0.5024
  5692.13796  3570.76541     0.78668     0.88814
      0.3029     -0.0461      0.0116      0.1135      0.8016      0.0154
     -0.0997     -1.0212     -0.1202     -0.9028     -0.5024
      0.3115     -0.0166      0.7187     -0.0152      0.8718     -0.1575
     -0.0501      0.9783      0.0184     -0.0635      1.9886
      0.3233      0.0452     -0.0369     -0.0304      0.7417      0.0391
     -0.0754      0.9783     -0.0799      0.7759     -0.5024
      0.2926     -0.1134      0.0258      0.0579      0.7685     -0.1197
      0.1784     -1.0212      0.1728      0.7759     -0.5024
      0.2966     -0.1010      0.7489      0.1169      1.0323     -0.5495
      0.0316     -1.0212     -0.3952     -0.0635      1.9886
      0.3282      0.0342     -0.0167      0.0211      0.7474     -0.1116
     -0.1789      0.9783     -0.0421     -0.9028     -0.5024
      0.3911     -0.1667     -0.0113      0.0520      0.7423     -0.1532
      0.1028     -1.0212     -0.1919     -0.0635     -0.5024
      0.3324      0.0202     -0.0069     -0.0066      0.7546     -0.0911
      0.0962      0.9783     -0.1099     -0.0635     -0.5024
  5658.51309  3575.36143     0.78920     0.88963
      0.3029     -0.0461      0.0115      0.1135      0.8016      0.0154
     -0.1095     -1.0212     -0.1243     -0.9028     -0.5024
      0.3115     -0.0166      0.7187     -0.0152      0.8718     -0.1575
     -0.0389      0.9783      0.0186     -0.0635      1.9886
      0.3231      0.0438     -0.0376     -0.0320      0.7424      0.0377
     -0.0754      0.9783     -0.0799      0.7759     -0.5024
      0.2439     -0.1162      0.0513      0.0600      0.7671     -0.1170
      0.2068     -1.0212      0.1709      0.7759     -0.5024
      0.2966     -0.1010      0.7489      0.1169      1.0323     -0.5495
      0.0320     -1.0212     -0.3962     -0.0635      1.9886
      0.3289      0.0342     -0.0163      0.0212      0.7474     -0.1116
     -0.1799      0.9783     -0.0434     -0.9028     -0.5024
      0.3911     -0.1667     -0.0113      0.0520      0.7423     -0.1532
      0.1031     -1.0212     -0.1919     -0.0635     -0.5024
      0.3324      0.0198     -0.0069     -0.0065      0.7548     -0.0915
      0.1025      0.9783     -0.1099     -0.0635     -0.5024
      0.3572     -0.1178     -0.0084      0.1145      0.7663     -0.2474
      0.0730     -1.0212      0.0122      1.6152     -0.5024
  5689.03181  3606.26836     0.78692     0.88836
      0.3029     -0.0461      0.0116      0.1135      0.8016      0.0154
     -0.1094     -1.0212     -0.1243     -0.9028     -0.5024
      0.3115     -0.0166      0.7187     -0.0152      0.8718     -0.1575
     -0.0468      0.9783      0.0183     -0.0635      1.9886
      0.2962      0.0493     -0.0690     -0.0277      0.7397      0.0432
     -0.0389      0.9783     -0.1520      0.7758     -0.5024
      0.2917     -0.1140      0.0261      0.0571      0.7682     -0.1192
      0.1819     -1.0212      0.1700      0.7758     -0.5024
      0.2966     -0.1010      0.7489      0.1169      1.0323     -0.5495
      0.0319     -1.0212     -0.3959     -0.0635      1.9886
      0.3289      0.0342     -0.0163      0.0212      0.7474     -0.1116
     -0.1802      0.9783     -0.0434     -0.9028     -0.5024
      0.3911     -0.1667     -0.0113      0.0520      0.7423     -0.1532
      0.1028     -1.0212     -0.1919     -0.0635     -0.5024
      0.3324      0.0198     -0.0068     -0.0065      0.7548     -0.0915
      0.0980      0.9783     -0.1099     -0.0635     -0.5024
      0.3572     -0.1178     -0.0084      0.1145      0.7663     -0.2474
      0.0730      1.6152      0.0122      1.6152     -0.5024
      0.3531      0.0090     -0.0033      0.0544      0.7603     -0.1053
     -0.1286      0.9783     -0.0013      1.6152     -0.5024
  6043.24391  3851.50542     0.75956     0.87725
      0.3029     -0.0461      0.0115      0.1135      0.8016      0.0154
     -0.1095     -1.0212     -0.1115     -0.9028     -0.5024
      0.3115     -0.0166      0.7187     -0.0152      0.8718     -0.1575
     -0.0556      0.9783      0.0183     -0.0635      1.9886
      0.2882      0.0489     -0.0718     -0.0280      0.7399      0.0429
     -0.0387      0.9783     -0.1501      0.7758     -0.5024
      0.2405     -0.1167      0.0514      0.0591      0.7669     -0.1165
      0.2434     -1.0212      0.1705      0.7758     -0.5024
      0.2966     -0.1010      0.7489      0.1170      1.0323     -0.5495
      0.0318     -1.0212     -0.3960     -0.0635      1.9886
      0.3289      0.0342     -0.0163      0.0212      0.7474     -0.1116
     -0.1804      0.9783     -0.0347     -0.9028     -0.5024
      0.3911     -0.1667     -0.0113      0.0520      0.7423     -0.1532
      0.1030     -1.0212     -0.1931     -0.0635     -0.5024
      0.3324      0.0198     -0.0068     -0.0065      0.7548     -0.0915
      0.1027      0.9783     -0.1080     -0.0635     -0.5024
      0.3572     -0.1178     -0.0084      0.1145      0.7663     -0.2474
      0.0730      1.6152      0.0122      1.6152     -0.5024
      0.3526      0.0137     -0.0033      0.0492      0.7579     -0.1006
     -0.1418      0.9783      0.0002      1.6152     -0.5024
      0.3571     -0.1181     -0.0083      0.1142      0.7662     -0.2470
      0.0747     -1.0212      0.0075      1.6152     -0.5024
  6080.90866  3903.92540     0.75655     0.87619
      0.3028     -0.0553      0.0115      0.1054      0.7971      0.0244
     -0.1107     -1.0212     -0.1115     -0.9028     -0.5024
      0.2666     -0.0077      0.7229     -0.0218      0.8900     -0.1484
      0.2093      0.9783      0.0638      0.7758      1.9886
      0.2881      0.0489     -0.0719     -0.0279      0.7398      0.0429
     -0.0435      0.9783     -0.1501      0.7758     -0.5024
      0.2928     -0.1146      0.0261      0.0596      0.7679     -0.1185
      0.1710     -1.0212      0.1627      0.7758     -0.5024
      0.2967     -0.1014      0.7488      0.1169      1.0330     -0.5492
      0.0389     -1.0212     -0.3727     -0.0635      1.9886
      0.3291      0.0319     -0.0162      0.0232      0.7486     -0.1139
     -0.1705      0.9783     -0.0348     -0.9028     -0.5024
      0.3911     -0.1670     -0.0113      0.0651      0.7421     -0.1529
      0.1129     -1.0212     -0.1852     -0.0635     -0.5024
      0.3324      0.0198     -0.0068     -0.0065      0.7548     -0.0915
      0.1043      0.9783     -0.1080     -0.0635     -0.5024
      0.3572     -0.1178     -0.0084      0.1145      0.7663     -0.2474
      0.0730      1.6152      0.0122      1.6152     -0.5024
      0.3522      0.0168     -0.0034      0.0458      0.7563     -0.0974
     -0.1418      0.9783      0.0005      1.6152     -0.5024
      0.2214     -0.4359      0.0229     -0.1668      0.6098      0.0642
      0.0285     -1.0211     -0.0387     -0.5024     -0.5022
      0.3362      0.0932      0.7212     -0.1353      1.0952     -0.8411
     -0.2977      0.9783      0.0136     -0.9028      1.9886
  6113.70261  3842.41719     0.75392     0.87375
      0.3029     -0.0461      0.0117      0.1135      0.8016      0.0154
     -0.1062     -1.0212     -0.1140     -0.9028     -0.5024
      0.3115     -0.0161      0.7188     -0.0152      0.8729     -0.1570
     -0.0397      0.9783      0.0197     -0.0635      1.9886
      0.2881      0.0489     -0.0719     -0.0279      0.7398      0.0429
     -0.0364      0.9783     -0.1513      0.7758     -0.5024
      0.2403     -0.1161      0.0515      0.0607      0.7671     -0.1171
      0.2330     -1.0212      0.1796      0.7758     -0.5024
      0.2966     -0.1010      0.7489      0.1169      1.0323     -0.5495
      0.0270     -1.0212     -0.3945     -0.0636      1.9886
      0.3289      0.0342     -0.0163      0.0212      0.7474     -0.1116
     -0.1507      0.9783     -0.0385     -0.9028     -0.5024
      0.3911     -0.1670     -0.0113      0.0651      0.7421     -0.1529
      0.1369     -1.0212     -0.1852     -0.0635     -0.5024
      0.3324      0.0198     -0.0069     -0.0065      0.7548     -0.0915
      0.0743      0.9783     -0.1080     -0.0635     -0.5024
      0.3572     -0.1178     -0.0084      0.1145      0.7663     -0.2474
      0.0730      1.6152      0.0122      1.6152     -0.5024
      0.3522      0.0168     -0.0034      0.0458      0.7563     -0.0974
     -0.1418      0.9783     -0.0009      1.6152     -0.5024
      0.2214     -0.4359      0.0229     -0.1668      0.6098      0.0642
      0.0285     -1.0213     -0.0387     -0.5033     -0.5025
      0.3300      0.1133      0.7000     -0.1539      1.0848     -0.8205
     -0.2971      0.9782      0.0129     -0.9029      0.0000
      0.3589     -0.1095     -0.0094      0.1269      0.7704     -0.2607
      0.0734     -1.0212      0.0158      1.6152     -0.5024
  6376.49673  4066.75882     0.73231     0.86711
      0.3029     -0.0462      0.0115      0.1134      0.8015      0.0155
     -0.0748     -1.0212     -0.1152     -0.9028     -0.5024
      0.3485     -0.0402      0.7077     -0.1682      0.8239     -0.1816
     -0.3408      0.9783      0.0179     -0.9028      1.9886
      0.2881      0.0489     -0.0719     -0.0280      0.7399      0.0429
     -0.0245      0.9783     -0.1519      0.7758     -0.5024
      0.2403     -0.1161      0.0515      0.0607      0.7671     -0.1171
      0.2468     -1.0212      0.1671      0.7758     -0.5024
      0.2966     -0.1010      0.7489      0.1169      1.0323     -0.5495
      0.0537     -1.0212     -0.3880     -0.0635      1.9886
      0.3290      0.0342     -0.0163      0.0212      0.7474     -0.1116
     -0.1461      0.9783     -0.0404     -0.9028     -0.5024
      0.3911     -0.1670     -0.0113      0.0651      0.7421     -0.1529
      0.0936     -1.0212     -0.1852     -0.0635     -0.5024
      0.3324      0.0198     -0.0068     -0.0065      0.7548     -0.0915
      0.0470      0.9783     -0.1080     -0.0635     -0.5024
      0.3572     -0.1178     -0.0084      0.1145      0.7663     -0.2474
      0.0730      1.6152      0.0122      1.6152     -0.5024
      0.3522      0.0168     -0.0034      0.0458      0.7563     -0.0974
     -0.1418      0.9783      0.0006      1.6152     -0.5024
      0.2214     -0.4359      0.0229     -0.1668      0.6098      0.0642
      0.0285     -1.0211     -0.0387     -0.5065     -0.5022
      0.3300      0.1133      0.7000     -0.1539      1.0848     -0.8205
     -0.2971      0.9783      0.0129     -0.9028     -0.0025
      0.3563     -0.1250     -0.0079      0.1090      0.7628     -0.2456
      0.0734     -1.0212      0.0152      1.6152     -0.5024
      0.2246     -0.0148      0.7389     -0.0592      0.8757     -0.0566
      0.2547      0.9783      0.0692      0.7759      1.9886
  6515.60434  4116.45900     0.72050     0.85968
      0.3028     -0.0513      0.0114      0.1089      0.7990      0.0205
     -0.1154     -1.0212     -0.1155     -0.9028     -0.5024
      0.3377     -0.0363      0.7278     -0.1032      0.8320     -0.1776
     -0.3301      0.9783      0.0189     -0.9028      1.9886
      0.2881      0.0489     -0.0719     -0.0279      0.7398      0.0429
     -0.0347      0.9783     -0.1521      0.7758     -0.5024
      0.2403     -0.1161      0.0515      0.0607      0.7671     -0.1171
      0.2068     -1.0212      0.1906      0.7758     -0.5024
      0.2212     -0.1389      0.6028     -0.0501      1.1060     -0.5125
      0.0065     -1.0212     -0.3528      0.7758      1.9886
      0.3289      0.0342     -0.0163      0.0211      0.7474     -0.1116
     -0.1791      0.9783     -0.0407     -0.9028     -0.5024
      0.3911     -0.1670     -0.0113      0.0651      0.7421     -0.1529
      0.0974     -1.0212     -0.1852     -0.0635     -0.5024
      0.3324      0.0198     -0.0068     -0.0065      0.7548     -0.0915
      0.0953      0.9783     -0.1080     -0.0635     -0.5024
      0.3572     -0.1178     -0.0084      0.1145      0.7663     -0.2474
      0.0730      1.6152      0.0122      1.6152     -0.5024
      0.3522      0.0168     -0.0034      0.0458      0.7563     -0.0974
     -0.1418      0.9783     -0.0003      1.6152     -0.5024
      0.2214     -0.4359      0.0229     -0.1668      0.6098      0.0642
      0.0285     -1.0207     -0.0387     -0.5087     -0.5019
      0.3300      0.1133      0.7000     -0.1539      1.0848     -0.8205
     -0.2971      0.9777      0.0129     -0.9033     -0.0031
      0.3562     -0.1251     -0.0079      0.1089      0.7627     -0.2455
      0.0734     -1.0212      0.0151      1.6152     -0.5024
      0.2711     -0.0249      0.7192     -0.0121      0.8551     -0.0670
      0.2239      0.9783      0.0595      0.7759      1.9886
      0.3139     -0.1804      0.8697      0.2736      1.1868     -0.8836
      0.1143     -1.0212     -0.4078     -0.9028      1.9886
  6629.33706  4242.27320     0.71066     0.85379
